0.53,0.42,0.135,0.677,0.21,9
0.53,0.415,0.15,0.7775,0.33,20
0.545,0.425,0.125,0.768,0.26,16
0.55,0.44,0.15,0.8945,0.32,19
0.525,0.38,0.14,0.6065,0.21,14
0.535,0.405,0.145,0.6845,0.205,10
0.47,0.355,0.1,0.4755,0.185,10
0.44,0.34,0.1,0.451,0.13,10
0.565,0.44,0.155,0.9395,0.27,12
0.55,0.415,0.135,0.7635,0.2,9
0.615,0.48,0.165,1.1615,0.305,10
0.56,0.44,0.14,0.9285,0.3,11
0.58,0.45,0.185,0.9955,0.285,11
0.68,0.56,0.165,1.639,0.46,15
0.68,0.55,0.175,1.798,0.455,19
0.705,0.55,0.2,1.7095,0.49,13
0.54,0.475,0.155,1.217,0.34,16
0.45,0.355,0.105,0.5225,0.145,8
0.575,0.445,0.135,0.883,0.26,11
0.45,0.335,0.105,0.425,0.115,9
0.55,0.425,0.135,0.8515,0.27,14
0.46,0.375,0.12,0.4605,0.15,7
0.525,0.425,0.16,0.8355,0.245,9
0.47,0.36,0.12,0.4775,0.15,10
0.5,0.4,0.14,0.6615,0.22,8
0.505,0.4,0.125,0.583,0.175,7
0.53,0.41,0.13,0.6965,0.2,10
0.565,0.44,0.16,0.915,0.32,12
0.595,0.495,0.185,1.285,0.485,13
0.475,0.39,0.12,0.5305,0.17,10
0.4,0.32,0.11,0.353,0.1,8
0.595,0.475,0.17,1.247,0.425,20
0.605,0.45,0.195,1.098,0.315,13
0.6,0.475,0.15,1.0075,0.28,15
0.6,0.47,0.15,0.922,0.305,10
0.555,0.425,0.14,0.788,0.285,11
0.615,0.475,0.17,1.1025,0.345,14
0.575,0.445,0.14,0.941,0.285,9
0.52,0.425,0.165,0.9885,0.32,16
0.57,0.465,0.18,1.295,0.44,12
0.46,0.355,0.13,0.517,0.165,9
0.575,0.45,0.16,0.9775,0.33,12
0.625,0.495,0.165,1.262,0.39,10
0.475,0.375,0.125,0.5785,0.155,10
0.52,0.41,0.155,0.727,0.235,12
0.545,0.43,0.165,0.802,0.28,11
0.5,0.4,0.125,0.6675,0.22,10
0.51,0.39,0.135,0.6335,0.2,9
0.435,0.395,0.105,0.3635,0.13,9
0.545,0.41,0.125,0.6935,0.21,11
0.53,0.415,0.115,0.5915,0.18,11
0.49,0.375,0.135,0.6125,0.22,11
0.56,0.43,0.15,0.8825,0.31,9
0.47,0.365,0.105,0.4205,0.14,9
0.515,0.425,0.14,0.766,0.255,14
0.44,0.35,0.125,0.4035,0.129,9
0.325,0.26,0.09,0.1915,0.062,7
0.425,0.33,0.115,0.406,0.1355,8
0.305,0.23,0.08,0.156,0.048,7
0.405,0.325,0.11,0.3555,0.117,9
0.565,0.445,0.155,0.826,0.2475,10
0.55,0.45,0.145,0.741,0.2665,10
0.49,0.38,0.125,0.549,0.174,10
0.605,0.5,0.185,1.1185,0.335,9
0.635,0.515,0.19,1.3715,0.45,10
0.605,0.485,0.16,1.0565,0.355,10
0.565,0.45,0.135,0.9885,0.31,12
0.575,0.46,0.19,0.994,0.34,13
0.58,0.455,0.17,0.9075,0.285,13
0.575,0.46,0.165,1.124,0.44,13
0.605,0.485,0.16,1.222,0.28,13
0.725,0.56,0.21,2.141,1.005,18
0.65,0.545,0.23,1.752,0.815,16
0.725,0.575,0.175,2.124,0.85,20
0.68,0.57,0.205,1.842,0.65,20
0.68,0.515,0.175,1.6185,0.62,12
0.53,0.395,0.145,0.775,0.255,7
0.52,0.405,0.115,0.776,0.22,8
0.56,0.45,0.16,1.0235,0.3,10
0.62,0.475,0.175,1.0165,0.325,10
0.645,0.51,0.2,1.5675,0.46,12
0.63,0.48,0.15,1.0525,0.285,12
0.63,0.5,0.185,1.383,0.38,10
0.63,0.48,0.16,1.199,0.315,11
0.585,0.46,0.17,0.9325,0.29,9
0.51,0.4,0.14,0.8145,0.195,10
0.505,0.41,0.15,0.644,0.21,11
0.45,0.345,0.12,0.4165,0.135,9
0.5,0.4,0.145,0.63,0.23,12
0.53,0.435,0.17,0.8155,0.275,13
0.44,0.34,0.14,0.482,0.16,9
0.525,0.415,0.17,0.8325,0.31,13
0.49,0.365,0.145,0.6345,0.22,10
0.415,0.325,0.105,0.38,0.12,12
0.485,0.395,0.16,0.66,0.235,14
0.415,0.305,0.13,0.32,0.105,8
0.445,0.325,0.125,0.455,0.14,9
0.47,0.35,0.145,0.5175,0.18,11
0.49,0.375,0.15,0.5755,0.19,9
0.445,0.355,0.15,0.485,0.155,11
0.5,0.37,0.135,0.45,0.155,9
0.39,0.29,0.125,0.3055,0.09,7
0.58,0.465,0.165,1.1015,0.35,11
0.53,0.415,0.16,0.783,0.245,15
0.595,0.455,0.155,1.0605,0.3,12
0.575,0.46,0.185,1.094,0.345,15
0.635,0.505,0.17,1.415,0.365,15
0.59,0.475,0.16,1.1015,0.295,13
0.54,0.475,0.155,0.928,0.26,11
0.57,0.44,0.125,0.865,0.27,12
0.46,0.38,0.13,0.639,0.16,11
0.45,0.36,0.125,0.4995,0.17,13
0.64,0.525,0.215,1.779,0.55,22
0.66,0.53,0.185,1.3485,0.49,12
0.515,0.425,0.135,0.712,0.25,11
0.535,0.415,0.185,0.8415,0.3,15
0.455,0.355,0.12,0.4495,0.15,9
0.535,0.415,0.17,0.879,0.285,10
0.495,0.4,0.155,0.6445,0.205,17
0.535,0.435,0.16,0.8105,0.24,10
0.565,0.505,0.21,1.2765,0.355,12
0.565,0.455,0.175,1.013,0.35,19
0.405,0.305,0.095,0.3485,0.1,9
0.54,0.435,0.175,0.892,0.335,13
0.47,0.36,0.13,0.472,0.15,10
0.63,0.485,0.19,1.2435,0.39,21
0.62,0.47,0.2,1.2255,0.435,23
0.635,0.535,0.19,1.242,0.39,14
0.58,0.455,0.155,0.8365,0.32,18
0.4,0.325,0.12,0.3185,0.095,8
0.74,0.6,0.195,1.974,0.71,16
0.565,0.45,0.195,1.0035,0.285,15
0.62,0.51,0.205,1.3475,0.48,14
0.505,0.375,0.18,0.568,0.17,12
0.46,0.425,0.155,0.746,0.24,8
0.525,0.42,0.16,0.756,0.275,9
0.61,0.495,0.185,1.153,0.245,8
0.585,0.45,0.17,0.8685,0.27,22
0.645,0.525,0.19,1.8085,0.395,18
0.685,0.545,0.18,1.768,0.485,16
0.59,0.465,0.15,0.997,0.34,12
0.65,0.525,0.175,1.4225,0.445,20
0.6,0.48,0.15,1.029,0.295,16
0.62,0.5,0.175,1.186,0.35,12
0.58,0.455,0.12,1.0735,0.265,10
0.69,0.56,0.215,1.719,0.47,17
0.65,0.545,0.165,1.566,0.415,16
0.66,0.565,0.195,1.7605,0.5,16
0.68,0.58,0.2,1.787,0.6,19
0.7,0.575,0.17,1.31,0.42,14
0.675,0.545,0.195,1.7345,0.605,20
0.585,0.45,0.16,1.077,0.25,10
0.61,0.495,0.185,1.1085,0.33,12
0.455,0.37,0.105,0.4925,0.135,9
0.47,0.375,0.125,0.5615,0.18,10
0.5,0.395,0.14,0.7155,0.24,10
0.485,0.365,0.12,0.5885,0.175,9
0.435,0.325,0.11,0.4335,0.155,7
0.515,0.415,0.14,0.6935,0.2,10
0.525,0.44,0.15,0.8425,0.24,12
0.58,0.46,0.12,0.9935,0.28,11
0.605,0.495,0.17,1.2385,0.39,14
0.62,0.47,0.14,1.0325,0.36,15
0.63,0.5,0.17,1.3135,0.4,20
0.63,0.5,0.155,1.005,0.36,16
0.67,0.54,0.165,1.5015,0.505,14
0.49,0.39,0.135,0.5785,0.2,13
0.61,0.485,0.165,1.0915,0.33,18
0.56,0.455,0.125,0.943,0.375,21
0.575,0.45,0.17,1.0475,0.385,18
0.57,0.45,0.175,0.9555,0.295,18
0.505,0.425,0.14,0.85,0.285,19
0.41,0.325,0.105,0.3635,0.12,10
0.56,0.455,0.19,0.714,0.275,9
0.565,0.455,0.15,0.8205,0.26,18
0.675,0.535,0.16,1.41,0.42,16
0.665,0.555,0.195,1.4385,0.36,17
0.565,0.49,0.155,0.9245,0.255,11
0.645,0.55,0.175,1.2915,0.33,14
0.64,0.54,0.175,1.221,0.39,15
0.525,0.41,0.135,0.7085,0.235,11
0.585,0.465,0.17,0.9915,0.265,12
0.67,0.55,0.19,1.3905,0.4,12
0.68,0.55,0.21,1.7445,0.625,17
0.53,0.44,0.135,0.7835,0.2185,9
0.515,0.405,0.12,0.646,0.177,10
0.52,0.405,0.12,0.627,0.181,11
0.545,0.415,0.16,0.7715,0.2765,10
0.465,0.35,0.115,0.421,0.1345,9
0.7,0.585,0.185,1.8075,0.475,29
0.58,0.46,0.15,0.9955,0.26,19
0.585,0.465,0.14,0.908,0.315,13
0.625,0.515,0.15,1.2415,0.36,15
0.57,0.455,0.165,1.0595,0.285,14
0.655,0.51,0.155,1.2895,0.41,11
0.625,0.5,0.15,0.953,0.305,15
0.64,0.52,0.175,1.248,0.48,12
0.605,0.485,0.165,1.0105,0.3,19
0.615,0.525,0.155,1.0385,0.345,11
0.58,0.44,0.18,0.854,0.245,12
0.62,0.52,0.225,1.1835,0.395,23
0.62,0.47,0.225,1.115,0.36,15
0.6,0.505,0.19,1.129,0.36,13
0.625,0.485,0.19,1.1745,0.42,17
0.455,0.35,0.14,0.5185,0.135,10
0.49,0.38,0.145,0.6725,0.21,10
0.275,0.195,0.07,0.08,0.025,5
0.345,0.25,0.09,0.203,0.055,6
0.36,0.27,0.09,0.1885,0.055,5
0.57,0.445,0.155,0.733,0.235,14
0.57,0.45,0.16,0.9715,0.26,12
0.46,0.355,0.13,0.458,0.13,13
0.435,0.335,0.11,0.38,0.11,9
0.375,0.29,0.115,0.2705,0.0885,10
0.5,0.375,0.14,0.604,0.179,15
0.44,0.355,0.115,0.415,0.131,11
0.38,0.29,0.105,0.257,0.085,10
0.565,0.45,0.16,0.795,0.23,12
0.66,0.5,0.165,1.1905,0.37,12
0.66,0.53,0.17,1.326,0.44,13
0.44,0.34,0.105,0.364,0.1175,8
0.475,0.35,0.115,0.452,0.155,11
0.545,0.415,0.15,0.7335,0.2185,11
0.47,0.355,0.13,0.5465,0.185,14
0.41,0.32,0.115,0.387,0.0985,11
0.59,0.455,0.155,1.066,0.415,20
0.57,0.44,0.14,0.9535,0.305,17
0.61,0.475,0.14,1.133,0.35,11
0.585,0.435,0.175,0.982,0.27,10
0.63,0.48,0.175,1.3675,0.515,17
0.625,0.49,0.175,1.233,0.365,11
0.645,0.525,0.19,1.4635,0.435,19
0.41,0.305,0.1,0.363,0.11,11
0.55,0.41,0.145,0.8285,0.25,13
0.405,0.31,0.12,0.3095,0.095,13
0.37,0.29,0.115,0.25,0.075,9
0.66,0.52,0.18,1.514,0.42,19
0.55,0.43,0.14,0.7135,0.225,9
0.56,0.445,0.195,0.981,0.335,16
0.385,0.315,0.11,0.286,0.0835,10
0.39,0.3,0.1,0.265,0.0865,13
0.44,0.345,0.17,0.4085,0.1515,12
0.47,0.355,0.14,0.433,0.152,12
0.5,0.385,0.115,0.6785,0.195,12
0.5,0.385,0.105,0.498,0.17,17
0.525,0.405,0.16,0.658,0.225,12
0.425,0.335,0.095,0.322,0.125,10
0.38,0.305,0.095,0.2815,0.09,8
0.43,0.34,0.12,0.391,0.1405,7
0.51,0.4,0.13,0.5735,0.195,13
0.59,0.45,0.16,0.9,0.315,19
0.475,0.36,0.125,0.447,0.14,9
0.37,0.28,0.11,0.2305,0.075,10
0.555,0.435,0.165,0.97,0.295,17
0.615,0.515,0.17,1.14,0.42,16
0.585,0.475,0.185,0.9585,0.33,11
0.415,0.34,0.13,0.3675,0.12,10
0.38,0.305,0.105,0.281,0.09,12
0.395,0.295,0.095,0.2245,0.08,10
0.485,0.38,0.15,0.605,0.18,15
0.45,0.35,0.145,0.5425,0.175,13
0.5,0.38,0.155,0.655,0.205,17
0.53,0.41,0.165,0.8115,0.24,19
0.49,0.385,0.15,0.7865,0.24,23
0.52,0.395,0.18,0.64,0.245,22
0.5,0.375,0.115,0.5945,0.19,11
0.45,0.38,0.165,0.8165,0.265,23
0.37,0.275,0.1,0.2225,0.08,8
0.435,0.325,0.115,0.3915,0.12,7
0.535,0.4,0.15,0.8045,0.21,13
0.535,0.405,0.125,0.927,0.345,16
0.43,0.325,0.115,0.3865,0.11,11
0.43,0.335,0.12,0.444,0.14,13
0.395,0.315,0.105,0.3515,0.1195,16
0.48,0.385,0.135,0.536,0.173,14
0.445,0.33,0.105,0.4525,0.123,9
0.345,0.26,0.09,0.207,0.0765,10
0.49,0.36,0.11,0.5005,0.195,17
0.48,0.375,0.105,0.525,0.155,12
0.52,0.4,0.12,0.6515,0.165,15
0.52,0.405,0.125,0.6435,0.21,12
0.36,0.265,0.09,0.2065,0.06,8
0.535,0.42,0.15,0.7365,0.215,14
0.52,0.405,0.14,0.8175,0.26,17
0.53,0.42,0.13,1.001,0.265,17
0.66,0.52,0.2,1.676,0.45,17
0.51,0.39,0.105,0.612,0.195,13
0.605,0.46,0.17,1.122,0.315,13
0.58,0.455,0.165,1.1365,0.275,13
0.605,0.495,0.19,1.437,0.41,15
0.55,0.44,0.155,0.946,0.335,16
0.54,0.44,0.135,0.959,0.3,17
0.61,0.47,0.145,1.153,0.32,14
0.59,0.445,0.13,1.1325,0.32,13
0.55,0.43,0.155,0.785,0.233,11
0.53,0.425,0.17,0.949,0.278,17
0.53,0.455,0.165,0.9805,0.2965,11
0.47,0.36,0.145,0.537,0.195,15
0.515,0.39,0.13,0.5755,0.1845,9
0.505,0.39,0.16,0.644,0.1635,9
0.6,0.465,0.165,0.8875,0.262,12
0.57,0.465,0.16,0.8935,0.263,10
0.485,0.375,0.135,0.556,0.1685,10
0.425,0.345,0.11,0.3665,0.117,11
0.48,0.4,0.125,0.759,0.24,15
0.44,0.34,0.13,0.4195,0.13,10
0.52,0.41,0.115,0.807,0.235,12
0.49,0.365,0.13,0.6835,0.205,21
0.48,0.365,0.135,0.6395,0.175,8
0.495,0.41,0.125,0.7555,0.214,9
0.54,0.42,0.14,0.805,0.21,11
0.545,0.44,0.135,0.9185,0.2375,10
0.55,0.43,0.125,0.923,0.283,8
0.55,0.45,0.15,0.875,0.2765,10
0.575,0.465,0.14,0.958,0.2705,9
0.595,0.48,0.15,1.11,0.33,10
0.595,0.48,0.16,1.2095,0.32,8
0.595,0.475,0.16,1.1405,0.271,6
0.595,0.465,0.14,1.113,0.305,12
0.6,0.475,0.155,1.21,0.3205,10
0.605,0.475,0.175,1.382,0.3985,10
0.615,0.5,0.175,1.377,0.292,12
0.615,0.52,0.15,1.3435,0.345,10
0.62,0.505,0.16,1.3725,0.3685,11
0.625,0.49,0.155,1.2085,0.411,11
0.625,0.49,0.2,1.3825,0.381,11
0.635,0.5,0.15,1.376,0.31,10
0.635,0.485,0.165,1.2945,0.2715,9
0.64,0.51,0.165,1.486,0.321,8
0.67,0.585,0.16,1.309,0.413,10
0.675,0.525,0.17,1.8095,0.455,12
0.675,0.525,0.155,1.4785,0.42,9
0.68,0.56,0.195,1.7775,0.415,11
0.685,0.54,0.16,1.6675,0.475,11
0.695,0.56,0.22,1.834,0.455,11
0.445,0.335,0.11,0.4355,0.1195,6
0.465,0.35,0.125,0.482,0.1095,6
0.47,0.365,0.12,0.582,0.146,8
0.475,0.36,0.12,0.5915,0.127,6
0.485,0.37,0.115,0.4785,0.129,7
0.505,0.39,0.13,0.674,0.1785,9
0.515,0.43,0.14,0.834,0.23,8
0.525,0.415,0.14,0.724,0.175,8
0.53,0.425,0.13,0.7585,0.205,8
0.53,0.425,0.15,0.8495,0.202,8
0.535,0.4,0.135,0.8215,0.205,8
0.55,0.445,0.155,0.9905,0.218,9
0.55,0.43,0.14,0.8105,0.275,9
0.56,0.455,0.16,0.967,0.274,9
0.565,0.4,0.13,0.6975,0.18,8
0.57,0.455,0.15,1.107,0.27,8
0.575,0.46,0.16,1.103,0.249,9
0.58,0.46,0.15,1.1155,0.29,7
0.58,0.46,0.18,1.0515,0.276,8
0.58,0.45,0.145,1.137,0.29,8
0.59,0.455,0.145,1.063,0.25,8
0.595,0.47,0.155,1.121,0.155,11
0.595,0.45,0.15,1.114,0.25,11
0.595,0.46,0.14,1.0045,0.2515,9
0.605,0.49,0.15,1.1345,0.295,9
0.615,0.48,0.16,1.2525,0.33,8
0.62,0.51,0.18,1.3315,0.388,11
0.625,0.48,0.17,1.3525,0.365,10
0.625,0.475,0.175,1.1435,0.349,10
0.625,0.5,0.165,1.288,0.315,9
0.625,0.485,0.2,1.38,0.401,9
0.63,0.495,0.165,1.3075,0.315,11
0.64,0.5,0.17,1.5175,0.409,11
0.64,0.5,0.175,1.394,0.4,10
0.645,0.5,0.155,1.2205,0.3185,10
0.645,0.505,0.165,1.4325,0.336,8
0.645,0.5,0.16,1.2465,0.3,10
0.645,0.515,0.15,1.212,0.385,10
0.655,0.46,0.16,1.494,0.1825,9
0.655,0.51,0.175,1.6525,0.403,10
0.66,0.505,0.185,1.528,0.441,11
0.66,0.475,0.18,1.3695,0.335,6
0.675,0.57,0.225,1.587,0.435,10
0.675,0.565,0.195,1.8375,0.553,12
0.695,0.535,0.175,1.8385,0.503,10
0.705,0.535,0.18,1.685,0.4045,12
0.715,0.525,0.185,1.56,0.405,11
0.735,0.6,0.22,2.555,0.6,11
0.505,0.39,0.125,0.5445,0.1405,7
0.51,0.4,0.125,0.545,0.1385,6
0.52,0.46,0.15,1.019,0.254,7
0.55,0.415,0.135,0.8145,0.175,8
0.55,0.43,0.15,0.84,0.223,8
0.56,0.44,0.155,0.6405,0.245,8
0.565,0.45,0.175,1.0095,0.2645,9
0.57,0.445,0.145,0.8775,0.22,8
0.575,0.46,0.145,0.9945,0.265,7
0.575,0.45,0.16,1.068,0.2575,10
0.575,0.47,0.165,0.869,0.238,9
0.58,0.45,0.155,0.93,0.265,9
0.6,0.475,0.16,1.0265,0.2565,9
0.6,0.465,0.15,1.1025,0.25,8
0.605,0.47,0.165,1.1775,0.292,9
0.605,0.475,0.165,1.056,0.357,9
0.615,0.465,0.15,0.923,0.2415,9
0.615,0.475,0.155,1.027,0.285,9
0.62,0.48,0.16,1.1125,0.281,8
0.625,0.485,0.175,1.3745,0.332,9
0.635,0.495,0.015,1.1565,0.2885,9
0.645,0.48,0.17,1.1345,0.305,10
0.65,0.5,0.19,1.464,0.4245,9
0.655,0.51,0.175,1.415,0.364,10
0.66,0.53,0.185,1.346,0.476,11
0.67,0.505,0.205,1.3645,0.353,9
0.685,0.54,0.215,1.7025,0.4735,14
0.69,0.54,0.155,1.454,0.39,9
0.69,0.53,0.17,1.5535,0.3695,9
0.7,0.525,0.19,1.6465,0.3995,9
0.705,0.55,0.17,1.219,0.301,9
0.71,0.56,0.18,1.652,0.4525,11
0.72,0.58,0.195,2.103,0.5375,10
0.72,0.55,0.2,1.9965,0.5215,10
0.73,0.575,0.185,1.8795,0.4825,12
0.75,0.57,0.21,2.236,0.545,11
0.755,0.625,0.21,2.505,0.6785,11
0.78,0.63,0.215,2.657,0.586,11
0.455,0.365,0.115,0.4305,0.1245,8
0.46,0.365,0.125,0.4785,0.141,8
0.535,0.41,0.13,0.7145,0.2075,9
0.54,0.42,0.145,0.8655,0.2175,10
0.545,0.445,0.15,0.8,0.207,9
0.55,0.405,0.125,0.651,0.2,9
0.56,0.445,0.155,1.224,0.2695,10
0.565,0.45,0.145,0.8495,0.225,8
0.57,0.46,0.135,0.9795,0.2655,9
0.575,0.42,0.135,0.857,0.2125,10
0.575,0.48,0.165,1.078,0.306,9
0.58,0.445,0.15,0.858,0.253,8
0.595,0.465,0.15,0.98,0.2255,10
0.595,0.465,0.155,1.026,0.305,12
0.6,0.465,0.155,1.04,0.28,11
0.6,0.455,0.145,0.8895,0.269,10
0.605,0.475,0.175,1.076,0.335,9
0.605,0.47,0.16,1.0835,0.275,12
0.615,0.475,0.155,1.004,0.2895,10
0.615,0.475,0.165,1.023,0.3035,12
0.615,0.475,0.155,1.115,0.355,10
0.62,0.5,0.15,1.293,0.354,10
0.62,0.475,0.16,1.1295,0.33,10
0.625,0.505,0.175,1.15,0.3045,11
0.625,0.515,0.16,1.264,0.321,9
0.625,0.48,0.155,1.2035,0.3185,12
0.63,0.485,0.17,1.3205,0.345,9
0.635,0.5,0.165,1.4595,0.39,9
0.635,0.495,0.175,1.211,0.323,9
0.65,0.505,0.165,1.16,0.349,11
0.65,0.59,0.22,1.662,0.435,11
0.65,0.51,0.17,1.567,0.391,10
0.655,0.525,0.19,1.3595,0.3985,10
0.655,0.52,0.19,1.4545,0.383,10
0.66,0.495,0.21,1.548,0.3925,10
0.66,0.515,0.17,1.337,0.3575,10
0.665,0.53,0.18,1.491,0.435,10
0.67,0.53,0.225,1.5615,0.3725,11
0.67,0.505,0.175,1.0145,0.3745,10
0.695,0.565,0.19,1.7635,0.4975,11
0.7,0.545,0.13,1.556,0.195,12
0.705,0.57,0.18,1.5345,0.43,12
0.71,0.55,0.17,1.614,0.45,11
0.72,0.575,0.17,1.9335,0.51,13
0.725,0.6,0.2,1.737,0.595,11
0.73,0.58,0.19,1.7375,0.52,11
0.735,0.565,0.205,2.1275,0.565,12
0.745,0.57,0.215,2.25,0.558,9
0.75,0.61,0.235,2.5085,0.612,14
0.815,0.65,0.25,2.255,0.7975,14
0.475,0.365,0.115,0.566,0.1335,7
0.495,0.38,0.12,0.573,0.144,7
0.505,0.38,0.135,0.6855,0.161,9
0.545,0.41,0.14,0.7405,0.203,9
0.55,0.43,0.14,0.84,0.1945,8
0.56,0.43,0.15,0.8745,0.22,8
0.56,0.435,0.15,0.8715,0.1835,9
0.58,0.46,0.175,1.165,0.3055,9
0.58,0.435,0.14,0.953,0.2095,9
0.59,0.465,0.15,1.151,0.2515,9
0.59,0.46,0.145,0.9905,0.275,8
0.595,0.455,0.16,1.04,0.288,9
0.605,0.485,0.165,0.9515,0.2765,11
0.605,0.485,0.16,1.201,0.38,9
0.605,0.515,0.17,1.289,0.3315,9
0.61,0.485,0.17,1.1005,0.305,11
0.62,0.435,0.155,1.012,0.275,8
0.63,0.5,0.175,1.1105,0.329,10
0.63,0.49,0.225,1.336,0.3245,10
0.635,0.505,0.145,1.1345,0.315,10
0.64,0.515,0.205,1.5335,0.4025,9
0.645,0.515,0.175,1.546,0.415,10
0.645,0.505,0.165,1.318,0.335,11
0.65,0.545,0.175,1.5245,0.495,10
0.65,0.5,0.16,1.3825,0.3195,9
0.655,0.54,0.215,1.5555,0.444,11
0.665,0.515,0.18,1.389,0.395,10
0.68,0.5,0.185,1.741,0.4685,12
0.7,0.55,0.17,1.684,0.32,11
0.515,0.375,0.11,0.6065,0.15,6
0.565,0.44,0.15,0.863,0.27,9
0.57,0.45,0.135,0.7805,0.21,8
0.575,0.47,0.155,1.116,0.34,10
0.575,0.465,0.195,0.9965,0.47,8
0.575,0.435,0.15,1.0305,0.36,8
0.58,0.435,0.15,0.834,0.23,8
0.585,0.445,0.14,0.913,0.253,10
0.595,0.435,0.15,0.9,0.265,8
0.6,0.46,0.155,0.9735,0.3,8
0.6,0.475,0.15,1.13,0.305,9
0.6,0.48,0.18,1.0645,0.325,10
0.605,0.455,0.145,0.9775,0.275,9
0.605,0.48,0.14,0.991,0.24,8
0.605,0.47,0.155,0.974,0.3345,9
0.605,0.505,0.18,1.434,0.431,11
0.61,0.465,0.16,1.0725,0.28,10
0.61,0.485,0.15,1.2405,0.3085,12
0.61,0.475,0.16,1.1155,0.379,10
0.61,0.485,0.18,1.2795,0.355,7
0.62,0.515,0.155,1.3255,0.335,12
0.62,0.54,0.165,1.139,0.357,11
0.62,0.48,0.18,1.2215,0.313,12
0.62,0.48,0.175,1.0405,0.3,9
0.625,0.485,0.175,1.362,0.3705,10
0.63,0.5,0.18,1.1965,0.3995,8
0.635,0.49,0.175,1.2435,0.305,10
0.635,0.49,0.17,1.2615,0.38,9
0.64,0.505,0.165,1.2235,0.36,10
0.645,0.51,0.16,1.2415,0.315,9
0.645,0.51,0.19,1.363,0.36,10
0.645,0.48,0.19,1.371,0.35,12
0.65,0.495,0.155,1.337,0.335,9
0.655,0.51,0.15,1.043,0.305,9
0.655,0.505,0.19,1.3485,0.425,12
0.655,0.505,0.195,1.4405,0.363,11
0.66,0.535,0.175,1.5175,0.415,12
0.665,0.505,0.16,1.2915,0.32,11
0.67,0.52,0.19,1.32,0.4275,13
0.67,0.55,0.155,1.566,0.354,10
0.67,0.54,0.195,1.619,0.465,11
0.675,0.51,0.195,1.382,0.3965,10
0.68,0.51,0.2,1.6075,0.4705,11
0.685,0.565,0.175,1.638,0.438,11
0.69,0.55,0.2,1.569,0.46,12
0.7,0.535,0.175,1.773,0.512,15
0.705,0.545,0.17,1.58,0.265,11
0.71,0.57,0.195,1.9805,0.48,12
0.71,0.54,0.205,1.5805,0.435,10
0.72,0.525,0.18,1.445,0.435,7
0.725,0.565,0.21,2.1425,0.503,14
0.73,0.56,0.19,1.9425,0.5655,11
0.74,0.565,0.205,2.119,0.482,12
0.75,0.565,0.215,1.938,0.575,11
0.375,0.27,0.135,0.597,0.1675,7
0.49,0.355,0.16,0.8795,0.2825,8
0.535,0.425,0.135,0.771,0.1795,8
0.545,0.415,0.2,1.358,0.403,10
0.545,0.385,0.15,1.1185,0.2845,9
0.55,0.38,0.165,1.205,0.3345,10
0.58,0.43,0.17,1.48,0.4155,10
0.61,0.475,0.15,1.1135,0.3005,11
0.615,0.455,0.145,1.1155,0.315,10
0.635,0.475,0.15,1.1845,0.291,10
0.64,0.475,0.14,1.0725,0.31,8
0.655,0.52,0.2,1.5475,0.466,9
0.665,0.515,0.185,1.3405,0.4375,11
0.675,0.53,0.175,1.4465,0.389,10
0.685,0.535,0.175,1.5845,0.4215,9
0.695,0.55,0.185,1.679,0.3965,10
0.705,0.545,0.18,1.5395,0.4645,13
0.72,0.55,0.195,2.073,0.5015,9
0.51,0.4,0.12,0.7005,0.195,10
0.54,0.425,0.16,0.9455,0.295,9
0.565,0.445,0.125,0.8305,0.23,11
0.57,0.44,0.12,0.803,0.234,9
0.575,0.465,0.175,1.099,0.35,9
0.575,0.43,0.155,0.7955,0.22,9
0.58,0.45,0.195,0.8265,0.225,9
0.58,0.5,0.165,0.925,0.3005,10
0.6,0.47,0.135,0.97,0.264,11
0.6,0.465,0.16,1.133,0.298,11
0.605,0.455,0.145,0.862,0.3,9
0.61,0.46,0.145,1.1185,0.2985,10
0.61,0.46,0.155,0.957,0.265,8
0.61,0.47,0.165,1.1785,0.294,11
0.615,0.495,0.16,1.255,0.3225,12
0.62,0.495,0.17,1.062,0.34,11
0.625,0.445,0.16,1.09,0.304,11
0.625,0.52,0.18,1.354,0.375,11
0.625,0.47,0.145,0.984,0.265,11
0.635,0.485,0.165,1.2695,0.3395,11
0.635,0.52,0.165,1.3405,0.412,11
0.635,0.505,0.155,1.2895,0.345,11
0.64,0.48,0.145,1.1145,0.34,10
0.64,0.515,0.165,1.3115,0.41,10
0.64,0.485,0.185,1.4195,0.3255,11
0.645,0.51,0.18,1.6195,0.4675,12
0.645,0.52,0.21,1.5535,0.474,16
0.65,0.51,0.155,1.189,0.3645,13
0.65,0.51,0.185,1.375,0.3985,10
0.655,0.515,0.18,1.412,0.497,11
0.655,0.525,0.175,1.348,0.394,10
0.66,0.535,0.205,1.4415,0.49,10
0.665,0.5,0.15,1.2475,0.3595,10
0.67,0.53,0.205,1.4015,0.416,12
0.675,0.51,0.185,1.473,0.4245,11
0.7,0.575,0.205,1.773,0.538,13
0.705,0.535,0.22,1.866,0.4395,10
0.72,0.575,0.18,1.6705,0.501,12
0.725,0.57,0.205,1.6195,0.488,11
0.75,0.55,0.195,1.8325,0.44,11
0.53,0.43,0.15,0.741,0.196,9
0.53,0.405,0.13,0.6355,0.185,9
0.55,0.47,0.15,0.9205,0.2675,10
0.56,0.41,0.16,0.8215,0.253,9
0.57,0.435,0.15,0.8295,0.245,10
0.6,0.45,0.14,0.837,0.2425,10
0.625,0.515,0.18,1.3485,0.3925,14
0.4,0.305,0.16,0.368,0.105,7
0.455,0.355,1.13,0.594,0.1335,8
0.475,0.38,0.14,0.689,0.1955,7
0.5,0.38,0.14,0.6355,0.1785,8
0.535,0.42,0.13,0.699,0.2035,8
0.54,0.385,0.14,0.7655,0.2365,10
0.54,0.42,0.13,0.7505,0.1845,9
0.545,0.43,0.16,0.844,0.231,9
0.565,0.44,0.135,0.83,0.238,9
0.58,0.435,0.15,0.839,0.192,7
0.585,0.485,0.15,1.079,0.356,11
0.6,0.47,0.19,1.1345,0.3375,10
0.61,0.43,0.14,0.909,0.22,8
0.62,0.49,0.16,1.056,0.2725,9
0.665,0.525,0.21,1.644,0.4275,10
0.69,0.54,0.195,1.2525,0.462,12
0.705,0.57,0.185,1.761,0.488,10
0.71,0.5,0.15,1.3165,0.28,10
0.72,0.575,0.215,2.1,0.602,12
0.73,0.555,0.18,1.6895,0.4935,10
0.505,0.39,0.115,0.66,0.175,8
0.505,0.385,0.115,0.616,0.21,11
0.4,0.31,0.115,0.3465,0.115,10
0.49,0.385,0.125,0.5395,0.165,11
0.675,0.55,0.18,1.6885,0.6,15
0.375,0.29,0.08,0.282,0.08,7
0.48,0.38,0.12,0.608,0.185,8
0.435,0.35,0.12,0.4585,0.13,11
0.29,0.21,0.075,0.275,0.035,6
0.5,0.4,0.125,0.5765,0.185,10
0.52,0.41,0.125,0.6985,0.215,10
0.44,0.33,0.115,0.4005,0.12,8
0.56,0.425,0.125,0.932,0.335,9
0.59,0.455,0.175,0.966,0.31,10
0.57,0.465,0.18,0.9995,0.295,16
0.45,0.36,0.125,0.5065,0.16,10
0.415,0.325,0.115,0.3455,0.11,9
0.745,0.585,0.19,1.966,0.5855,18
0.4,0.3,0.115,0.3025,0.0935,8
0.64,0.51,0.2,1.3905,0.41,12
0.715,0.565,0.24,2.1995,0.885,17
0.71,0.565,0.195,1.817,0.49,11
0.55,0.47,0.15,0.897,0.29,9
0.61,0.45,0.16,1.136,0.3,9
0.37,0.275,0.085,0.2405,0.07,5
0.645,0.5,0.17,1.1845,0.355,13
0.57,0.45,0.17,1.098,0.405,20
0.58,0.45,0.235,1.071,0.395,14
0.595,0.48,0.2,0.975,0.34,15
0.595,0.47,0.25,1.283,0.445,14
0.625,0.42,0.165,1.0595,0.445,21
0.52,0.4,0.125,0.6865,0.185,9
0.49,0.37,0.14,0.585,0.195,10
0.575,0.485,0.165,1.0405,0.3,14
0.68,0.55,0.2,1.596,0.585,21
0.65,0.515,0.195,1.4005,0.44,13
0.645,0.49,0.215,1.406,0.51,25
0.29,0.225,0.075,0.14,0.04,5
0.625,0.525,0.215,1.5765,0.665,16
0.55,0.465,0.18,1.2125,0.525,27
0.595,0.495,0.235,1.366,0.52,13
0.43,0.325,0.12,0.445,0.155,8
0.455,0.35,0.14,0.5725,0.175,10
0.515,0.415,0.13,0.764,0.25,13
0.485,0.375,0.145,0.5885,0.19,13
0.535,0.46,0.145,0.7875,0.2,8
0.625,0.525,0.195,1.352,0.53,13
0.555,0.455,0.18,0.958,0.39,14
0.55,0.425,0.145,0.797,0.265,9
0.505,0.39,0.175,0.692,0.215,12
0.505,0.4,0.165,0.729,0.25,9
0.56,0.445,0.18,0.903,0.295,9
0.57,0.45,0.165,0.903,0.295,14
0.56,0.435,0.185,1.106,0.33,15
0.46,0.36,0.115,0.4755,0.16,8
0.435,0.32,0.12,0.3785,0.125,11
0.475,0.38,0.135,0.486,0.185,7
0.38,0.325,0.11,0.3105,0.105,10
0.47,0.365,0.12,0.543,0.15,9
0.585,0.455,0.165,0.998,0.315,12
0.57,0.46,0.17,1.1,0.38,14
0.645,0.5,0.2,1.4285,0.36,11
0.59,0.465,0.16,1.1005,0.295,13
0.58,0.455,0.16,0.9215,0.3,17
0.62,0.51,0.15,1.456,0.32,13
0.72,0.575,0.215,2.226,0.62,13
0.635,0.51,0.175,1.2125,0.36,14
0.61,0.48,0.175,1.0675,0.42,15
0.545,0.445,0.175,0.8525,0.295,13
0.6,0.475,0.18,1.162,0.32,18
0.52,0.41,0.17,0.8705,0.25,14
0.67,0.52,0.15,1.406,0.37,13
0.62,0.48,0.23,1.0935,0.355,14
0.6,0.475,0.18,1.1805,0.425,19
0.495,0.385,0.13,0.6905,0.175,10
0.5,0.395,0.15,0.7145,0.195,9
0.385,0.305,0.105,0.3315,0.1,7
0.58,0.475,0.155,0.974,0.285,10
0.38,0.3,0.09,0.3215,0.095,9
0.52,0.415,0.145,0.8045,0.285,10
0.535,0.45,0.135,0.8075,0.25,13
0.48,0.405,0.13,0.6375,0.21,10
0.52,0.425,0.15,0.813,0.23,10
0.58,0.455,0.12,0.94,0.265,11
0.55,0.415,0.135,0.775,0.26,23
0.65,0.5,0.165,1.1445,0.365,12
0.465,0.375,0.135,0.6,0.23,16
0.435,0.35,0.11,0.384,0.125,13
0.58,0.475,0.135,0.925,0.275,14
0.505,0.385,0.135,0.6185,0.2,12
0.505,0.395,0.145,0.6515,0.205,15
0.665,0.535,0.19,1.496,0.475,17
0.415,0.305,0.105,0.3605,0.1,10
0.525,0.425,0.145,0.7995,0.24,15
0.515,0.42,0.135,0.6295,0.215,9
0.8,0.63,0.195,2.526,0.62,23
0.565,0.48,0.175,0.957,0.275,18
0.59,0.47,0.17,0.9,0.25,11
0.71,0.565,0.195,1.7265,0.565,17
0.56,0.43,0.125,0.8025,0.263,13
0.45,0.36,0.105,0.4715,0.149,9
0.515,0.435,0.17,0.631,0.216,12
0.72,0.56,0.175,1.7265,0.525,17
0.61,0.485,0.21,1.3445,0.515,20
0.645,0.525,0.2,1.449,0.505,13
0.545,0.44,0.175,0.7745,0.265,11
0.66,0.525,0.205,1.3665,0.41,18
0.6,0.47,0.2,1.031,0.29,15
0.63,0.505,0.165,1.065,0.315,12
0.72,0.595,0.225,1.969,0.66,16
0.405,0.325,0.11,0.3575,0.11,12
0.5,0.405,0.15,0.5965,0.185,12
0.43,0.34,0.11,0.382,0.109,8
0.36,0.265,0.09,0.2165,0.0735,10
0.525,0.39,0.135,0.6005,0.21,16
0.44,0.345,0.105,0.4285,0.132,11
0.45,0.345,0.115,0.496,0.14,12
0.485,0.365,0.14,0.6195,0.177,14
0.455,0.35,0.125,0.4485,0.1335,16
0.53,0.43,0.17,0.775,0.235,17
0.585,0.415,0.155,0.6985,0.195,12
0.58,0.46,0.185,1.017,0.32,10
0.64,0.5,0.15,1.0705,0.36,8
0.505,0.375,0.115,0.5895,0.167,10
0.505,0.38,0.145,0.651,0.17,12
0.465,0.35,0.13,0.494,0.155,18
0.465,0.36,0.12,0.4765,0.16,10
0.475,0.365,0.13,0.4805,0.1475,12
0.41,0.315,0.11,0.321,0.095,10
0.53,0.385,0.125,0.6695,0.18,10
0.635,0.5,0.18,1.312,0.485,18
0.61,0.485,0.165,1.087,0.38,11
0.66,0.515,0.18,1.523,0.555,16
0.465,0.38,0.135,0.579,0.22,14
0.515,0.4,0.17,0.796,0.28,16
0.345,0.255,0.1,0.197,0.06,9
0.445,0.335,0.14,0.4565,0.14,11
0.55,0.435,0.17,0.884,0.28,14
0.35,0.265,0.09,0.1855,0.06,7
0.37,0.285,0.105,0.27,0.0835,9
0.42,0.33,0.125,0.463,0.145,10
0.585,0.47,0.17,1.099,0.358,20
0.5,0.385,0.13,0.768,0.27,13
0.52,0.405,0.14,0.6915,0.215,11
0.37,0.275,0.08,0.227,0.07,8
0.615,0.47,0.175,1.2985,0.32,14
0.59,0.455,0.165,1.161,0.28,12
0.47,0.355,0.18,0.441,0.135,8
0.5,0.44,0.155,0.742,0.2115,14
0.52,0.425,0.145,0.7,0.24,13
0.54,0.415,0.175,0.8975,0.275,14
0.49,0.4,0.145,0.6635,0.2515,13
0.63,0.51,0.185,1.235,0.3065,11
0.515,0.395,0.165,0.7565,0.3205,10
0.475,0.38,0.145,0.57,0.187,11
0.52,0.4,0.13,0.6245,0.17,15
0.48,0.39,0.125,0.6905,0.2,12
0.33,0.26,0.08,0.2,0.07,9
0.465,0.35,0.135,0.6265,0.175,8
0.47,0.375,0.12,0.6015,0.135,8
0.565,0.44,0.15,0.983,0.2485,9
0.6,0.475,0.135,1.4405,0.3175,9
0.6,0.5,0.155,1.332,0.35,8
0.6,0.485,0.165,1.1405,0.288,9
0.625,0.49,0.155,1.33,0.33,10
0.64,0.5,0.18,1.4995,0.431,11
0.655,0.545,0.165,1.6225,0.513,12
0.675,0.555,0.205,1.925,0.4535,13
0.675,0.55,0.175,1.689,0.474,13
0.69,0.55,0.18,1.659,0.4395,9
0.695,0.53,0.2,2.0475,0.6095,14
0.7,0.525,0.19,1.6015,0.43,10
0.73,0.57,0.165,2.0165,0.435,10
0.455,0.35,0.12,0.4555,0.1375,7
0.46,0.35,0.115,0.46,0.1165,6
0.53,0.42,0.17,0.828,0.1505,6
0.53,0.405,0.15,0.889,0.215,8
0.55,0.425,0.125,0.964,0.215,8
0.555,0.425,0.14,0.963,0.24,7
0.57,0.445,0.15,0.995,0.2505,9
0.57,0.435,0.14,0.8585,0.2295,8
0.58,0.445,0.145,0.888,0.2425,8
0.585,0.45,0.16,0.9045,0.2335,8
0.595,0.47,0.155,1.1775,0.31,9
0.595,0.465,0.15,1.0765,0.287,9
0.595,0.465,0.15,1.0255,0.289,11
0.6,0.46,0.145,0.9325,0.248,8
0.6,0.46,0.15,1.235,0.29,8
0.615,0.485,0.16,1.1575,0.315,10
0.615,0.5,0.165,1.327,0.355,10
0.62,0.51,0.175,1.2705,0.3225,9
0.62,0.485,0.175,1.2155,0.345,10
0.62,0.475,0.16,1.3245,0.3275,9
0.625,0.49,0.165,1.127,0.3185,9
0.625,0.49,0.175,1.1075,0.3595,8
0.63,0.495,0.2,1.4255,0.38,11
0.63,0.495,0.145,1.147,0.2885,9
0.635,0.495,0.18,1.596,0.37,11
0.635,0.495,0.195,1.297,0.37,11
0.65,0.5,0.185,1.4415,0.341,9
0.69,0.545,0.205,1.933,0.498,13
0.695,0.55,0.155,1.8495,0.4175,10
0.7,0.575,0.205,1.7975,0.5165,13
0.705,0.56,0.205,2.381,0.624,10
0.545,0.43,0.14,0.832,0.201,9
0.545,0.4,0.14,0.778,0.18,9
0.55,0.44,0.135,0.8435,0.185,8
0.57,0.45,0.18,0.908,0.255,9
0.57,0.43,0.16,0.811,0.2285,9
0.575,0.48,0.15,0.897,0.248,8
0.585,0.45,0.15,0.938,0.225,7
0.585,0.435,0.14,0.6955,0.2245,8
0.59,0.46,0.16,1.0115,0.2565,8
0.595,0.465,0.15,1.1005,0.265,8
0.605,0.48,0.15,1.079,0.293,10
0.615,0.475,0.17,1.055,0.2345,9
0.615,0.47,0.155,1.084,0.246,9
0.625,0.49,0.155,1.115,0.3095,9
0.645,0.52,0.18,1.285,0.317,9
0.65,0.535,0.175,1.2895,0.344,10
0.65,0.49,0.155,1.122,0.3055,9
0.665,0.505,0.165,1.349,0.36,9
0.675,0.55,0.19,1.551,0.412,13
0.725,0.53,0.19,1.7315,0.405,11
0.74,0.575,0.22,2.012,0.471,12
0.515,0.395,0.135,0.516,0.162,9
0.525,0.415,0.15,0.7055,0.199,10
0.545,0.44,0.15,0.9475,0.275,8
0.555,0.445,0.175,1.1465,0.2785,8
0.57,0.445,0.155,1.017,0.265,10
0.575,0.435,0.155,0.8975,0.23,9
0.58,0.465,0.145,0.9865,0.25,11
0.58,0.425,0.15,0.844,0.2705,9
0.585,0.455,0.13,0.8755,0.225,8
0.61,0.45,0.13,0.8725,0.272,11
0.615,0.46,0.15,1.0265,0.2745,10
0.62,0.465,0.14,1.1605,0.307,9
0.62,0.48,0.165,1.0125,0.324,10
0.63,0.475,0.155,1.0005,0.265,10
0.64,0.495,0.17,1.2265,0.2875,11
0.66,0.505,0.19,1.4045,0.3745,9
0.66,0.525,0.2,1.463,0.422,11
0.675,0.525,0.17,1.711,0.475,9
0.705,0.54,0.205,1.757,0.461,9
0.525,0.43,0.135,0.8435,0.1815,9
0.54,0.42,0.14,0.8035,0.21,9
0.54,0.415,0.15,0.8115,0.2035,9
0.57,0.425,0.13,0.782,0.1965,8
0.58,0.445,0.135,0.95,0.2325,8
0.59,0.455,0.15,0.976,0.2765,10
0.62,0.48,0.17,1.1045,0.287,10
0.625,0.485,0.16,1.254,0.3485,9
0.635,0.51,0.185,1.286,0.4105,12
0.645,0.49,0.16,1.1665,0.299,9
0.645,0.49,0.16,1.144,0.319,8
0.65,0.525,0.19,1.385,0.405,11
0.655,0.515,0.155,1.309,0.385,11
0.655,0.515,0.17,1.527,0.331,11
0.72,0.565,0.18,1.719,0.3875,11
0.72,0.55,0.18,1.52,0.435,10
0.72,0.565,0.17,1.613,0.4945,12
0.465,0.35,0.11,0.4085,0.131,8
0.535,0.445,0.125,0.8725,0.24,8
0.55,0.435,0.14,0.745,0.2265,9
0.575,0.425,0.15,0.8765,0.228,8
0.58,0.45,0.17,0.9705,0.248,9
0.58,0.45,0.15,0.92,0.2895,9
0.58,0.44,0.125,0.7855,0.195,11
0.6,0.48,0.17,1.056,0.3135,10
0.6,0.45,0.15,0.9625,0.2775,9
0.605,0.495,0.17,1.0915,0.335,13
0.61,0.47,0.195,1.2735,0.398,12
0.615,0.475,0.175,1.194,0.3165,11
0.615,0.515,0.135,1.1215,0.29,9
0.615,0.495,0.165,1.198,0.3185,10
0.62,0.475,0.15,0.9545,0.277,9
0.625,0.5,0.16,1.217,0.355,11
0.625,0.49,0.145,0.92,0.28,10
0.63,0.48,0.165,1.2615,0.3885,10
0.63,0.485,0.185,1.167,0.34,10
0.635,0.485,0.19,1.3765,0.406,11
0.635,0.5,0.19,1.29,0.352,8
0.645,0.485,0.15,1.151,0.293,12
0.645,0.52,0.17,1.197,0.317,11
0.65,0.565,0.2,1.6645,0.43,12
0.655,0.5,0.205,1.528,0.4535,11
0.655,0.515,0.2,1.494,0.405,12
0.66,0.525,0.16,1.277,0.394,13
0.66,0.525,0.18,1.5965,0.3605,10
0.665,0.51,0.175,1.3805,0.325,10
0.67,0.525,0.19,1.527,0.44,12
0.68,0.505,0.17,1.3435,0.355,12
0.505,0.38,0.13,0.693,0.1515,8
0.51,0.37,0.21,1.183,0.343,9
0.525,0.41,0.135,0.7905,0.177,8
0.535,0.4,0.15,1.224,0.2875,10
0.59,0.44,0.14,1.007,0.2925,9
0.595,0.43,0.21,1.5245,0.41,11
0.62,0.5,0.17,1.148,0.3315,10
0.625,0.49,0.11,1.136,0.2925,9
0.635,0.51,0.17,1.2235,0.354,9
0.635,0.525,0.18,1.3695,0.363,11
0.655,0.505,0.175,1.2905,0.326,10
0.67,0.515,0.17,1.4265,0.37,11
0.75,0.615,0.205,2.2635,0.726,12
0.57,0.47,0.14,0.871,0.2315,10
0.58,0.435,0.155,0.8785,0.2425,10
0.595,0.46,0.16,0.921,0.2875,9
0.6,0.45,0.14,0.869,0.291,11
0.61,0.495,0.16,1.089,0.384,11
0.625,0.515,0.155,1.1635,0.355,11
0.635,0.505,0.165,1.251,0.3825,11
0.635,0.49,0.155,1.145,0.3155,9
0.64,0.485,0.145,1.1335,0.3015,11
0.64,0.5,0.15,1.2015,0.3355,9
0.655,0.49,0.16,1.204,0.3225,9
0.655,0.455,0.17,1.2895,0.3415,11
0.66,0.53,0.18,1.5175,0.401,10
0.68,0.52,0.185,1.494,0.406,11
0.68,0.56,0.195,1.664,0.545,11
0.695,0.535,0.2,1.5855,0.471,11
0.7,0.555,0.22,1.666,0.455,11
0.73,0.55,0.205,1.908,0.5965,14
0.755,0.575,0.2,2.073,0.48,11
0.52,0.43,0.15,0.728,0.235,11
0.53,0.395,0.115,0.5685,0.161,9
0.55,0.43,0.15,0.655,0.221,8
0.47,0.36,0.1,0.4705,0.1385,8
0.525,0.4,0.135,0.714,0.208,10
0.525,0.4,0.13,0.6995,0.223,9
0.55,0.425,0.14,0.952,0.2185,7
0.575,0.45,0.135,0.8285,0.236,10
0.62,0.485,0.155,1.1945,0.352,9
0.63,0.495,0.19,1.1655,0.1625,10
0.63,0.49,0.17,1.2155,0.3105,10
0.685,0.53,0.17,1.5105,0.3725,10
0.485,0.39,0.1,0.5565,0.185,9
0.625,0.48,0.2,1.3235,0.355,9
0.645,0.5,0.18,1.2785,0.345,13
0.71,0.53,0.195,1.8745,0.6855,12
0.7,0.54,0.215,1.978,0.71,24
0.655,0.505,0.165,1.367,0.396,10
0.665,0.5,0.175,1.742,0.725,21
0.47,0.375,0.105,0.513,0.13,11
0.43,0.35,0.09,0.397,0.12,9
0.34,0.255,0.085,0.204,0.05,6
0.335,0.22,0.07,0.17,0.05,6
0.55,0.44,0.125,0.765,0.245,9
0.64,0.475,0.19,1.151,0.3805,13
0.545,0.41,0.115,0.6765,0.22,9
0.64,0.54,0.175,1.571,0.475,18
0.57,0.465,0.155,0.872,0.285,14
0.505,0.405,0.18,0.606,0.18,11
0.49,0.38,0.13,0.539,0.165,12
0.505,0.41,0.135,0.657,0.195,15
0.37,0.295,0.1,0.2685,0.0835,7
0.67,0.545,0.175,1.707,0.575,13
0.59,0.415,0.15,0.8805,0.235,11
0.47,0.36,0.11,0.4965,0.13,6
0.51,0.385,0.135,0.632,0.17,8
0.525,0.405,0.115,0.72,0.2,14
0.61,0.47,0.16,1.017,0.32,12
0.545,0.405,0.175,0.98,0.38,18
0.49,0.38,0.155,0.578,0.18,9
0.505,0.405,0.16,0.6835,0.215,10
0.385,0.3,0.1,0.2725,0.08,6
0.62,0.485,0.22,1.511,0.51,17
0.635,0.505,0.185,1.3035,0.41,17
0.665,0.53,0.185,1.3955,0.49,15
0.6,0.48,0.165,1.1345,0.335,10
0.585,0.46,0.17,1.0835,0.325,14
0.555,0.42,0.14,0.868,0.21,13
0.57,0.495,0.16,1.0915,0.315,14
0.62,0.485,0.175,1.271,0.37,11
0.64,0.505,0.19,1.2355,0.365,14
0.42,0.32,0.13,0.4135,0.119,10
0.45,0.35,0.135,0.56,0.145,13
0.64,0.505,0.19,1.2765,0.4,12
0.61,0.48,0.19,1.2955,0.365,12
0.59,0.485,0.205,1.2315,0.42,13
0.69,0.54,0.185,1.5715,0.47,15
0.655,0.51,0.16,1.092,0.37,14
0.69,0.555,0.205,1.8165,0.515,19
0.695,0.55,0.16,1.6365,0.44,13
0.61,0.495,0.19,1.213,0.365,15
0.435,0.35,0.125,0.459,0.145,9
0.435,0.35,0.105,0.4195,0.13,7
0.575,0.48,0.15,0.8745,0.29,12
0.56,0.435,0.125,0.8775,0.29,13
0.645,0.52,0.19,1.3105,0.37,12
0.595,0.485,0.145,1.2515,0.33,14
0.655,0.5,0.14,1.1705,0.285,12
0.495,0.385,0.135,0.6625,0.185,11
0.4,0.335,0.115,0.4335,0.12,10
0.595,0.465,0.145,1.107,0.31,12
0.625,0.475,0.13,0.8595,0.24,13
0.475,0.375,0.14,0.501,0.175,13
0.5,0.405,0.14,0.6735,0.25,18
0.465,0.39,0.14,0.5555,0.215,15
0.655,0.53,0.19,1.428,0.565,18
0.58,0.475,0.165,1.0385,0.305,13
0.59,0.475,0.155,0.9715,0.28,11
0.665,0.57,0.185,1.522,0.405,13
0.62,0.51,0.175,1.1255,0.315,14
0.605,0.475,0.145,1.0185,0.27,15
0.51,0.395,0.12,0.6175,0.193,12
0.495,0.375,0.15,0.597,0.178,11
0.63,0.5,0.16,1.22,0.345,14
0.605,0.485,0.165,1.0735,0.33,14
0.62,0.5,0.175,1.146,0.39,13
0.615,0.5,0.205,1.1055,0.39,16
0.66,0.525,0.19,1.67,0.49,11
0.71,0.575,0.175,1.555,0.52,15
0.565,0.45,0.185,0.9285,0.265,12
0.57,0.435,0.14,0.8085,0.22,16
0.45,0.325,0.135,0.438,0.11,9
0.62,0.485,0.165,1.166,0.355,13
0.48,0.38,0.135,0.507,0.155,12
0.505,0.41,0.15,0.6345,0.215,17
0.705,0.555,0.2,1.4685,0.52,19
0.535,0.425,0.155,0.7765,0.25,16
0.48,0.37,0.13,0.5885,0.1595,15
0.395,0.3,0.105,0.3375,0.098,12
0.545,0.435,0.15,0.6855,0.225,10
0.385,0.305,0.125,0.314,0.08,10
0.51,0.34,0.18,0.7005,0.2,11
0.425,0.325,0.135,0.382,0.14,12
0.45,0.35,0.125,0.4435,0.145,11
0.685,0.525,0.175,1.71,0.58,16
0.585,0.475,0.185,0.8575,0.275,12
0.49,0.39,0.135,0.59,0.1845,12
0.455,0.365,0.11,0.385,0.1345,13
0.48,0.38,0.145,0.59,0.23,12
0.51,0.38,0.13,0.584,0.185,13
0.52,0.405,0.145,0.829,0.205,15
0.455,0.36,0.11,0.4385,0.125,10
0.58,0.44,0.175,1.073,0.335,19
0.475,0.375,0.125,0.588,0.155,10
0.46,0.33,0.15,0.5325,0.125,10
0.305,0.225,0.07,0.1485,0.045,7
0.475,0.35,0.115,0.487,0.125,13
0.605,0.45,0.165,1.2225,0.385,13
0.475,0.375,0.15,0.559,0.1945,12
0.46,0.35,0.115,0.44,0.13,8
0.49,0.37,0.105,0.5265,0.148,7
0.56,0.465,0.16,1.0315,0.337,9
0.58,0.48,0.18,1.2495,0.371,8
0.595,0.475,0.165,1.148,0.37,10
0.63,0.475,0.15,1.172,0.316,11
0.65,0.545,0.185,1.5055,0.43,10
0.465,0.355,0.115,0.4705,0.126,7
0.49,0.4,0.115,0.569,0.145,9
0.505,0.39,0.12,0.5725,0.146,8
0.525,0.44,0.125,0.7115,0.1915,7
0.555,0.44,0.145,0.8815,0.2155,8
0.555,0.42,0.11,0.931,0.225,8
0.575,0.46,0.165,1.065,0.2815,8
0.61,0.48,0.16,1.234,0.315,12
0.61,0.495,0.175,1.2635,0.3455,10
0.61,0.47,0.16,1.0745,0.29,8
0.625,0.495,0.16,1.1115,0.345,11
0.625,0.47,0.17,1.255,0.405,10
0.64,0.48,0.195,1.1435,0.353,9
0.665,0.52,0.165,1.6885,0.4265,11
0.715,0.585,0.23,2.0725,0.565,10
0.725,0.58,0.185,1.523,0.4375,9
0.505,0.475,0.16,1.1155,0.3065,8
0.53,0.42,0.14,0.627,0.183,8
0.555,0.43,0.135,0.812,0.2215,9
0.585,0.45,0.145,0.9835,0.22,9
0.595,0.47,0.165,1.0155,0.289,9
0.615,0.49,0.19,1.1345,0.348,11
0.62,0.51,0.18,1.233,0.322,10
0.64,0.5,0.165,1.1635,0.32,11
0.64,0.475,0.175,1.1545,0.288,9
0.645,0.52,0.175,1.3345,0.355,10
0.655,0.54,0.175,1.5585,0.385,11
0.66,0.5,0.175,1.3275,0.4085,9
0.69,0.525,0.19,1.492,0.42,12
0.7,0.575,0.2,1.7365,0.461,11
0.7,0.56,0.175,1.6605,0.398,11
0.72,0.545,0.185,1.7185,0.468,11
0.495,0.37,0.12,0.594,0.1375,7
0.565,0.45,0.175,1.2365,0.308,10
0.57,0.42,0.16,0.8875,0.223,8
0.575,0.475,0.16,0.895,0.271,9
0.585,0.465,0.165,0.9355,0.259,9
0.585,0.46,0.165,1.058,0.294,9
0.595,0.465,0.145,0.7955,0.2425,10
0.6,0.47,0.17,1.0805,0.3205,9
0.6,0.475,0.155,1.059,0.39,11
0.6,0.475,0.17,1.088,0.31,10
0.6,0.485,0.145,0.776,0.239,9
0.62,0.48,0.165,1.043,0.31,10
0.625,0.475,0.16,1.3335,0.319,10
0.625,0.5,0.175,1.273,0.374,9
0.65,0.52,0.195,1.6275,0.432,11
0.65,0.475,0.165,1.3875,0.3095,9
0.655,0.53,0.165,1.2835,0.4,8
0.66,0.5,0.155,1.3765,0.335,12
0.51,0.375,0.11,0.5805,0.148,7
0.555,0.405,0.12,0.913,0.2065,9
0.59,0.465,0.17,1.0425,0.27,10
0.61,0.49,0.17,1.3475,0.3045,11
0.64,0.5,0.17,1.12,0.32,12
0.64,0.5,0.17,1.2645,0.315,9
0.655,0.455,0.17,1.275,0.333,8
0.665,0.5,0.175,1.4355,0.37,9
0.67,0.525,0.195,1.42,0.3905,10
0.735,0.565,0.225,2.037,0.5675,13
0.525,0.425,0.14,0.8735,0.2225,10
0.545,0.41,0.125,0.654,0.205,10
0.585,0.42,0.155,1.034,0.32,11
0.585,0.465,0.145,0.9855,0.2845,10
0.595,0.44,0.135,0.964,0.2575,10
0.595,0.46,0.155,1.0455,0.3085,10
0.595,0.45,0.165,1.081,0.279,12
0.6,0.5,0.16,1.122,0.309,10
0.605,0.49,0.15,1.1345,0.35,10
0.61,0.495,0.165,1.0835,0.317,9
0.625,0.485,0.135,1.3025,0.3605,14
0.63,0.505,0.195,1.306,0.375,9
0.65,0.52,0.195,1.281,0.3825,10
0.65,0.51,0.175,1.35,0.3885,10
0.66,0.53,0.17,1.431,0.398,10
0.665,0.54,0.195,1.764,0.47,11
0.67,0.51,0.155,1.278,0.358,11
0.67,0.54,0.2,1.46,0.4165,9
0.675,0.535,0.185,1.5575,0.4,11
0.675,0.53,0.195,1.4985,0.425,9
0.705,0.53,0.17,1.564,0.44,10
0.725,0.56,0.185,1.792,0.435,11
0.38,0.32,0.115,0.6475,0.164,7
0.485,0.365,0.15,0.9145,0.273,7
0.55,0.415,0.18,1.1655,0.311,9
0.575,0.42,0.19,1.764,0.4095,10
0.635,0.505,0.17,1.2635,0.355,9
0.65,0.525,0.165,1.238,0.3005,9
0.65,0.5,0.17,1.4045,0.3235,11
0.67,0.525,0.195,1.37,0.407,12
0.695,0.525,0.205,1.8185,0.4525,13
0.705,0.555,0.195,1.7525,0.516,12
0.555,0.44,0.14,0.846,0.2735,10
0.56,0.43,0.145,0.898,0.245,9
0.575,0.46,0.15,0.927,0.2985,9
0.585,0.42,0.155,0.9845,0.2875,13
0.62,0.5,0.175,1.107,0.343,11
0.63,0.475,0.15,1.072,0.315,8
0.645,0.51,0.155,1.129,0.342,10
0.65,0.505,0.175,1.2075,0.39,10
0.65,0.495,0.175,1.227,0.37,11
0.655,0.52,0.175,1.472,0.45,13
0.665,0.525,0.18,1.5785,0.456,14
0.675,0.54,0.21,1.593,0.45,11
0.695,0.535,0.175,1.361,0.465,10
0.705,0.56,0.17,1.4575,0.44,11
0.45,0.365,0.115,0.5885,0.1325,8
0.52,0.375,0.135,0.5375,0.17,8
0.61,0.49,0.17,1.137,0.344,12
0.605,0.48,0.175,1.1685,0.356,9
0.615,0.455,0.135,1.059,0.274,9
0.68,0.52,0.185,1.541,0.4575,10
0.71,0.555,0.17,1.47,0.431,12
0.545,0.42,0.175,0.754,0.275,10
0.46,0.365,0.115,0.4485,0.17,14
0.425,0.35,0.1,0.4425,0.175,7
0.53,0.41,0.145,0.8255,0.245,9
0.615,0.475,0.145,0.9525,0.32,9
0.675,0.535,0.22,1.604,0.453,14
0.375,0.295,0.11,0.3005,0.1035,7
0.57,0.465,0.155,0.9685,0.255,9
0.485,0.4,0.155,0.731,0.255,11
0.565,0.45,0.165,0.9765,0.37,12
0.57,0.44,0.19,1.018,0.265,9
0.55,0.465,0.15,1.082,0.19,14
0.63,0.475,0.175,1.423,0.49,14
0.655,0.5,0.18,1.4155,0.445,18
0.525,0.43,0.165,0.717,0.195,10
0.5,0.39,0.13,0.6355,0.195,15
0.44,0.34,0.135,0.3975,0.135,8
0.49,0.385,0.16,0.656,0.205,9
0.45,0.36,0.11,0.447,0.13,12
0.515,0.4,0.115,0.578,0.17,9
0.525,0.41,0.15,0.708,0.25,12
0.645,0.5,0.225,1.626,0.41,15
0.61,0.49,0.17,1.1775,0.295,15
0.565,0.455,0.13,1.058,0.3,10
0.67,0.545,0.16,1.5415,0.495,15
0.46,0.375,0.12,0.4915,0.17,7
0.56,0.44,0.155,0.9705,0.255,9
0.575,0.45,0.1,0.9315,0.235,12
0.56,0.46,0.18,0.97,0.355,12
0.5,0.4,0.15,0.8085,0.295,13
0.595,0.5,0.18,1.053,0.39,13
0.615,0.5,0.165,1.1765,0.345,17
0.565,0.46,0.15,0.8765,0.275,10
0.525,0.43,0.125,0.813,0.1775,12
0.455,0.375,0.125,0.458,0.12,10
0.52,0.41,0.16,0.712,0.225,10
0.645,0.49,0.19,1.3065,0.345,18
0.5,0.4,0.165,0.7105,0.225,20
0.47,0.35,0.115,0.487,0.155,8
0.65,0.515,0.215,1.498,0.425,16
0.67,0.535,0.185,1.597,0.47,21
0.49,0.37,0.115,0.541,0.185,11
0.475,0.4,0.115,0.541,0.21,13
0.35,0.275,0.065,0.205,0.07,10
0.54,0.44,0.16,1.0905,0.355,15
0.525,0.4,0.115,0.6295,0.18,11
0.53,0.4,0.165,0.772,0.23,12
0.525,0.415,0.15,0.7155,0.27,13
0.53,0.425,0.13,0.717,0.255,13
0.465,0.39,0.11,0.6355,0.225,13
0.515,0.395,0.14,0.686,0.22,12
0.555,0.44,0.155,1.016,0.263,10
0.61,0.5,0.18,1.438,0.3345,9
0.68,0.55,0.19,1.807,0.515,11
0.72,0.575,0.195,2.1505,0.585,10
0.525,0.41,0.115,0.7745,0.18,7
0.585,0.45,0.125,0.874,0.225,6
0.645,0.525,0.17,1.37,0.34,10
0.655,0.545,0.185,1.759,0.547,11
0.67,0.52,0.195,1.8065,0.5055,11
0.555,0.43,0.14,0.7545,0.2015,9
0.585,0.46,0.15,1.0035,0.2515,11
0.62,0.465,0.14,1.011,0.255,8
0.64,0.525,0.175,1.382,0.37,9
0.68,0.55,0.175,1.473,0.4295,11
0.69,0.58,0.195,1.658,0.4715,10
0.575,0.45,0.12,0.9585,0.275,12
0.575,0.46,0.165,0.9575,0.236,10
0.58,0.46,0.135,0.926,0.275,8
0.58,0.425,0.155,0.873,0.239,10
0.625,0.495,0.16,1.234,0.35,13
0.625,0.485,0.165,1.2255,0.36,10
0.635,0.5,0.18,1.2565,0.35,10
0.645,0.5,0.15,1.159,0.31,9
0.69,0.535,0.185,1.826,0.499,11
0.695,0.56,0.185,1.7715,0.437,10
0.63,0.515,0.16,1.336,0.35,11
0.64,0.49,0.18,1.36,0.305,9
0.575,0.48,0.17,1.1,0.31,10
0.625,0.49,0.19,1.7015,0.3855,11
0.635,0.485,0.155,1.073,0.35,11
0.635,0.5,0.175,1.477,0.39,12
0.65,0.495,0.16,1.3105,0.355,9
0.675,0.52,0.175,1.494,0.37,9
0.675,0.51,0.15,1.1965,0.386,11
0.71,0.545,0.175,1.907,0.475,11
0.715,0.565,0.18,1.79,0.5385,9
0.72,0.59,0.205,1.7495,0.48,11
0.56,0.42,0.18,1.6645,0.4525,9
0.57,0.45,0.15,0.9645,0.209,9
0.605,0.465,0.155,1.1,0.2585,10
0.64,0.505,0.175,1.3185,0.3315,9
0.595,0.455,0.14,0.914,0.271,9
0.6,0.5,0.17,1.13,0.335,11
0.615,0.495,0.155,1.0805,0.32,9
0.635,0.495,0.175,1.2355,0.347,10
0.645,0.535,0.19,1.2395,0.424,10
0.65,0.505,0.165,1.357,0.43,11
0.655,0.5,0.22,1.359,0.405,13
0.56,0.44,0.135,0.8025,0.259,9
0.585,0.475,0.165,1.053,0.3,11
0.585,0.455,0.17,0.9945,0.2845,11
0.515,0.4,0.125,0.615,0.1765,8
0.565,0.45,0.165,0.887,0.249,11
0.625,0.485,0.15,1.0945,0.296,10